epoch: 1.726669615214507
eval_accuracy: 0.5539604349803748
eval_loss: 1.3699603080749512
eval_runtime: 9.2995
eval_samples_per_second: 5376.642
eval_steps_per_second: 5.269
