epoch: 16.776872246696037
eval_accuracy: 0.7314805593957714
eval_loss: 0.8005461096763611
eval_runtime: 17.535
eval_samples_per_second: 2851.435
eval_steps_per_second: 11.178
