epoch: 6.022466960352423
eval_accuracy: 0.6156296705841536
eval_loss: 1.1671168804168701
eval_runtime: 17.4147
eval_samples_per_second: 2871.139
eval_steps_per_second: 11.255
