epoch: 3.065590312815338
eval_accuracy: 0.9898299517595206
eval_loss: 0.029623067006468773
eval_runtime: 17.1339
eval_samples_per_second: 2867.129
eval_steps_per_second: 11.206
