epoch: 10.324229074889868
eval_accuracy: 0.7224073917709882
eval_loss: 0.8272724151611328
eval_runtime: 17.5151
eval_samples_per_second: 2854.675
eval_steps_per_second: 11.19
