epoch: 3.284561049445005
eval_accuracy: 0.9937933745596396
eval_loss: 0.01770845800638199
eval_runtime: 17.1588
eval_samples_per_second: 2862.968
eval_steps_per_second: 11.19
